CIFAR100-5stages
83.92, 74.85, 70.77, 67.04, 63.66, 62.13
CIFAR100-10stages
83.92, 77.33, 73.67, 71.4, 69.66, 67.72, 66.22, 64.53, 62.66, 61.91, 60.39
CIFAR100-20stages
84.58, 78.42, 77.89, 76.49, 75.25, 73.07, 72.16, 70.43, 68.19, 68.04, 67.57, 66.6, 66.21, 64.66, 63.24, 62.64, 61.62, 60.89, 59.93, 59.24, 58.36
Tiny-ImageNet-5stages
65.6, 55.95, 54.56, 51.4, 48.43, 46.04
Tiny-ImageNet-10stages
65.6, 57.89, 55.27, 54.49, 52.74, 51.92, 50.26, 49.01, 47.77, 46.86, 44.95
Tiny-ImageNet-20stages
64.88, 58.88, 58.07, 55.34, 54.67, 55.26, 53.68, 53.05, 52.34, 51.89, 50.25, 49.92, 48.8, 48.96, 47.82, 47.21, 46.1, 46.01, 44.76, 43.74, 42.57
ImageNet-Subset-10stages
84.48, 79.13, 75.4, 73.05, 71.63, 69.87, 68.35, 66.07, 64.56, 63.07, 61.76